0 NaN
1 6.754347826086956
2 6.702586206896552
3 6.623404255319149
4 6.623404255319149
5 6.61864406779661
6 6.700854700854701
7 6.674468085106383
8 6.673076923076923
9 6.659574468085107
10 6.713675213675214
11 6.676595744680851
12 6.592436974789916
13 6.607142857142857
14 6.604210526315789
15 6.652452025586354
16 6.606315789473684
17 6.5966386554621845
18 6.584905660377358
19 6.684434968017057
20 6.676595744680851
21 6.609243697478991
22 6.696581196581197
23 6.7164179104477615
24 6.5966386554621845
25 6.6950959488272925
26 6.588235294117647
27 6.722814498933902
28 6.630573248407643
29 6.614893617021276
30 6.605543710021322
31 6.657446808510638
32 6.625531914893617
33 6.600840336134453
34 6.6147368421052635
35 6.5429769392033545
36 6.633684210526316
37 6.609243697478991
38 6.6147368421052635
39 6.519916142557652
40 6.565126050420168
41 6.5961945031712474
42 6.528421052631579
43 6.549473684210526
44 6.48024948024948
45 6.502092050209205
46 6.6034115138592755
47 6.563941299790357
48 6.581052631578947
49 6.5399159663865545
50 6.638297872340425
51 6.5
52 6.579281183932347
53 6.587737843551797
54 6.598290598290598
55 6.602127659574468
56 6.572631578947369
57 6.534883720930233
58 6.563291139240507
59 6.535714285714286
60 6.55672268907563
61 6.580851063829787
62 6.523109243697479
63 6.52092050209205
64 6.560509554140127
65 8.993788819875776
