0 0.0
1 0.05000000000000426
2 0.10000000000000142
3 0.14999999999999858
4 0.18999999999999773
5 0.23999999999999488
6 0.28000000000000114
7 0.3400000000000034
8 0.37000000000000455
9 0.4200000000000017
10 0.46999999999999886
11 0.5200000000000031
12 0.5700000000000003
13 0.6099999999999994
14 0.6700000000000017
15 0.7000000000000028
16 0.75
17 0.7999999999999972
18 0.8399999999999963
19 0.8900000000000006
20 0.9400000000000048
21 0.990000000000002
22 1.0300000000000011
23 1.0700000000000003
24 1.1199999999999974
25 1.1599999999999966
26 1.2099999999999937
27 1.25
28 1.3000000000000043
29 1.3400000000000034
30 1.3999999999999986
31 1.4399999999999977
32 1.4799999999999969
33 1.5300000000000011
34 1.5700000000000003
35 1.6200000000000045
36 1.6600000000000037
37 1.7199999999999989
38 1.759999999999998
39 1.8100000000000023
40 1.8500000000000014
41 1.9000000000000057
42 1.9500000000000028
43 2.0
44 2.039999999999999
45 2.0900000000000034
46 2.1300000000000026
47 2.1700000000000017
48 2.219999999999999
49 2.270000000000003
50 2.3100000000000023
51 2.3599999999999994
52 2.4100000000000037
53 2.450000000000003
54 2.490000000000002
55 2.539999999999999
56 2.5799999999999983
57 2.6400000000000006
58 2.680000000000007
59 2.730000000000004
60 2.770000000000003
61 2.8200000000000003
62 2.8699999999999974
63 2.9200000000000017
64 2.960000000000001
65 3.0
