0 24055808
1 24055808
2 24055808
3 24055808
4 24055808
5 24055808
6 24055808
7 24055808
8 24055808
9 24055808
10 24055808
11 24055808
12 24055808
13 24055808
14 24055808
15 24055808
16 24055808
17 24055808
18 24055808
19 24055808
20 24055808
21 24055808
22 24055808
23 24055808
24 24055808
25 24055808
26 24055808
27 23867392
28 23867392
29 23867392
30 23867392
31 23867392
32 23867392
33 23867392
34 23867392
35 23867392
36 23867392
37 23867392
38 24133632
39 24133632
40 24133632
41 24133632
42 24133632
43 24133632
44 24133632
45 24133632
46 23871488
47 23871488
48 23871488
49 24137728
50 24137728
51 24137728
52 24137728
53 24137728
54 24137728
55 24137728
56 24137728
57 24137728
58 24137728
59 24137728
60 24137728
61 24137728
62 24137728
63 24137728
64 24137728
65 24137728
