99.96666666666667 99.96666666666667 99.96666666666667 99.93333333333332 99.96666666666667 99.93333333333332 99.93333333333332 99.93333333333332 99.93333333333332 99.96666666666667
99.96666666666667 99.96666666666667 99.96666666666667 99.93333333333332 99.96666666666667 99.93333333333332 99.93333333333332 99.93333333333332 99.93333333333332 99.96666666666667
99.96666666666667 99.96666666666667 99.96666666666667 99.93333333333332 99.96666666666667 99.93333333333332 99.93333333333332 99.93333333333332 99.93333333333332 99.96666666666667
99.96666666666667 99.96666666666667 99.96666666666667 99.93333333333332 99.96666666666667 99.93333333333332 99.93333333333332 99.93333333333332 99.93333333333332 99.96666666666667
99.96666666666667 99.96666666666667 99.96666666666667 99.93333333333332 99.96666666666667 99.93333333333332 99.93333333333332 99.93333333333332 99.93333333333332 99.96666666666667
99.96666666666667 99.96666666666667 99.96666666666667 99.93333333333332 99.96666666666667 99.93333333333332 99.93333333333332 99.93333333333332 99.93333333333332 99.96666666666667
99.96666666666667 99.96666666666667 99.96666666666667 99.93333333333332 99.96666666666667 99.93333333333332 99.93333333333332 99.93333333333332 99.93333333333332 99.96666666666667
99.96666666666667 99.96666666666667 99.96666666666667 99.93333333333332 99.96666666666667 99.93333333333332 99.93333333333332 99.93333333333332 99.93333333333332 99.96666666666667
99.96666666666667 99.96666666666667 99.96666666666667 99.93333333333332 99.96666666666667 99.93333333333332 99.93333333333332 99.93333333333332 99.93333333333332 99.96666666666667
99.96666666666667 99.96666666666667 99.96666666666667 99.93333333333332 99.96666666666667 99.93333333333332 99.93333333333332 99.93333333333332 99.93333333333332 99.96666666666667
99.96666666666667 99.96666666666667 99.96666666666667 99.93333333333332 99.96666666666667 99.93333333333332 99.93333333333332 99.93333333333332 99.93333333333332 99.96666666666667
99.96666666666667 99.96666666666667 99.96666666666667 99.93333333333332 99.96666666666667 99.93333333333332 99.93333333333332 99.93333333333332 99.93333333333332 99.96666666666667
99.96666666666667 99.96666666666667 99.96666666666667 99.93333333333332 99.96666666666667 99.93333333333332 99.93333333333332 99.93333333333332 99.93333333333332 99.96666666666667
99.96666666666667 99.96666666666667 99.96666666666667 99.93333333333332 99.96666666666667 99.93333333333332 99.93333333333332 99.93333333333332 99.93333333333332 99.96666666666667
99.96666666666667 99.96666666666667 99.96666666666667 99.93333333333332 99.96666666666667 99.93333333333332 99.93333333333332 99.93333333333332 99.93333333333332 99.96666666666667
