0 NaN
1 34.1377607025247
2 33.860021786492375
3 33.44569892473118
4 33.44892473118279
5 33.37847965738758
6 33.850971922246224
7 33.6994623655914
8 33.70194384449244
9 33.630645161290325
10 33.89038876889849
11 33.71075268817204
12 33.30944798301486
13 33.35562632696391
14 33.31190223166844
15 33.58782327586207
16 33.34468085106383
17 33.28768577494692
18 33.248940677966104
19 33.76831896551724
20 33.7247311827957
21 33.36411889596603
22 33.835313174946
23 33.91540948275862
24 33.324309978768575
25 33.82381465517241
26 33.294585987261144
27 33.90096878363832
28 33.47585836909871
29 33.44032258064516
30 33.349137931034484
31 33.63709677419355
32 33.458064516129035
33 33.30626326963907
34 33.40478723404255
35 33.003707627118644
36 33.48351063829787
37 33.33492569002123
38 33.40851063829787
39 32.980932203389834
40 33.17515923566879
41 33.29775880469584
42 33.01276595744681
43 33.09361702127659
44 32.75840336134454
45 32.88054968287526
46 33.40463362068966
47 33.170550847457626
48 33.26010638297873
49 33.04564755838641
50 33.55591397849462
51 32.84105263157895
52 33.26068376068376
53 33.29220085470085
54 33.384989200863934
55 33.34640171858217
56 33.22287234042553
57 33.03632478632478
58 33.185501066098084
59 33.02866242038217
60 33.12738853503185
61 33.27903225806452
62 32.97823779193206
63 32.973572938689216
64 33.17167381974249
65 46.19952681388013
