0 NaN
1 85.6512513601741
2 104.48191489361702
3 207.14736842105262
4 188.2563424947146
5 189.1502100840336
6 69.64036016949153
7 99.3114406779661
8 51.79396186440678
9 59.075581395348834
10 114.51645435244161
11 47.03526315789474
12 42.97014925373134
13 72.30148619957536
14 35.153481012658226
15 46.12272240085745
16 47.59501061571125
17 55.42052631578947
18 40.909188034188034
19 48.11922268907563
20 70.80455508474576
21 39.24363057324841
22 46.23681434599156
23 45.33932346723044
24 55.90506329113924
25 169.5378947368421
26 81.86416490486258
27 39.04439746300211
28 43.02724358974359
29 45.0084835630965
30 51.70454545454545
31 50.13428874734607
32 38.10303347280335
33 42.481953290870486
34 41.940578158458244
35 40.5100422832981
36 49.07484076433121
37 41.019271948608136
38 41.33913502109704
39 62.567940552016985
40 39.80712788259958
41 52.75053078556263
42 52.63921360255048
43 37.98945147679325
44 58.75052966101695
45 41.41507430997877
46 40.448294243070364
47 47.35
48 118.13182773109244
49 94.15981012658227
50 40.29290254237288
51 41.35790598290598
52 50.464059196617335
53 54.15631691648822
54 54.514270613107826
55 35.342161016949156
56 58.45270988310308
57 44.105932203389834
58 78.83227176220807
59 53.601694915254235
60 48.19409282700422
61 36.17728237791932
62 62.20622362869198
63 46.689490445859875
64 47.62641723356009
65 166.02020202020202
