0 NaN
1 18.76508620689655
2 23.17684210526316
3 47.08958333333333
4 42.68410041841004
5 42.9022869022869
6 15.056603773584905
7 21.970649895178198
8 10.914046121593291
9 12.598326359832637
10 25.506302521008404
11 9.814583333333333
12 8.839662447257384
13 15.670168067226891
14 7.039665970772442
15 9.588110403397028
16 9.92436974789916
17 11.758333333333333
18 8.359408033826638
19 10.058212058212058
20 15.329140461215934
21 7.976890756302521
22 9.611691022964509
23 9.403765690376568
24 11.864300626304802
25 38.327083333333334
26 17.905857740585773
27 7.937238493723849
28 8.854122621564482
29 9.334033613445378
30 10.887029288702928
31 10.516806722689076
32 7.7308488612836435
33 8.733193277310924
34 8.595338983050848
35 8.278242677824268
36 10.264705882352942
37 8.379237288135593
38 8.482254697286013
39 13.409663865546218
40 8.122406639004149
41 11.132352941176471
42 11.113684210526316
43 7.703549060542797
44 12.524109014675052
45 8.485294117647058
46 8.259493670886076
47 9.871578947368421
48 26.35758835758836
49 20.772442588726513
50 8.228511530398324
51 8.460887949260043
52 10.596234309623432
53 11.438559322033898
54 11.535564853556485
55 7.069182389937107
56 12.463157894736842
57 9.121593291404611
58 17.199579831932773
59 11.324947589098532
60 10.07098121085595
61 7.266806722689076
62 13.331941544885177
63 9.718487394957982
64 9.847533632286995
65 32.45192307692308
