99.96666666666667 99.96666666666667 99.96666666666667 99.93333333333332 99.96666666666667 99.93333333333332 99.93333333333332 99.93333333333332 99.93333333333332 99.96666666666667
99.9 99.96666666666667 99.96666666666667 99.93333333333332 99.96666666666667 99.93333333333332 99.93333333333332 99.83333333333333 99.86666666666667 99.93333333333332
99.96666666666667 99.96666666666667 99.96666666666667 99.93333333333332 99.96666666666667 99.93333333333332 99.93333333333332 99.63333333333333 99.93333333333332 99.96666666666667
99.96666666666667 99.96666666666667 99.96666666666667 99.93333333333332 99.96666666666667 99.93333333333332 99.93333333333332 99.93333333333332 99.93333333333332 99.96666666666667
95.7 99.96666666666667 95.83333333333334 95.5 99.96666666666667 98.43333333333332 96.13333333333334 95.73333333333333 95.93333333333334 95.93333333333334
99.96666666666667 99.96666666666667 99.96666666666667 99.93333333333332 99.96666666666667 99.93333333333332 99.93333333333332 99.93333333333332 99.93333333333332 99.96666666666667
99.96666666666667 99.96666666666667 99.96666666666667 99.93333333333332 99.96666666666667 99.93333333333332 99.93333333333332 99.93333333333332 99.93333333333332 99.96666666666667
99.4 99.96666666666667 99.16666666666667 98.8 99.96666666666667 99.93333333333332 98.9 98.86666666666667 99.3 99.36666666666667
99.96666666666667 99.96666666666667 99.96666666666667 99.93333333333332 99.96666666666667 99.93333333333332 99.93333333333332 99.86666666666667 99.93333333333332 99.96666666666667
99.96666666666667 99.96666666666667 99.96666666666667 99.93333333333332 99.96666666666667 99.93333333333332 99.93333333333332 99.93333333333332 99.93333333333332 99.96666666666667
99.96666666666667 99.96666666666667 99.96666666666667 99.93333333333332 99.96666666666667 99.93333333333332 99.93333333333332 99.93333333333332 99.93333333333332 99.96666666666667
99.96666666666667 99.96666666666667 99.96666666666667 99.93333333333332 99.96666666666667 99.93333333333332 99.93333333333332 99.93333333333332 99.93333333333332 99.96666666666667
98.5 99.96666666666667 98.9 98.6 99.96666666666667 98.9 99.06666666666666 98.86666666666667 98.83333333333333 98.93333333333332
99.96666666666667 99.96666666666667 99.96666666666667 99.9 99.96666666666667 99.9 99.93333333333332 99.73333333333333 99.93333333333332 99.96666666666667
98.2 99.96666666666667 98.2 98.43333333333332 99.96666666666667 99.0 98.06666666666666 98.4 98.4 98.26666666666667
