0 0.0
1 0.03999999999999204
2 0.09000000000000341
3 0.12999999999999545
4 0.18000000000000682
5 0.22000000000001307
6 0.2600000000000051
7 0.3100000000000023
8 0.35999999999999943
9 0.4000000000000057
10 0.4399999999999977
11 0.480000000000004
12 0.5300000000000011
13 0.5699999999999932
14 0.6099999999999994
15 0.6499999999999915
16 0.7000000000000028
17 0.7400000000000091
18 0.7800000000000011
19 0.8200000000000074
20 0.8700000000000045
21 0.9099999999999966
22 0.9599999999999937
23 1.0
24 1.0300000000000011
25 1.0799999999999983
26 1.1200000000000045
27 1.1600000000000108
28 1.2000000000000028
29 1.25
30 1.289999999999992
31 1.3299999999999983
32 1.3799999999999955
33 1.4300000000000068
34 1.4699999999999989
35 1.519999999999996
36 1.5600000000000023
37 1.6000000000000085
38 1.6400000000000006
39 1.690000000000012
40 1.730000000000004
41 1.7700000000000102
42 1.8100000000000023
43 1.8499999999999943
44 1.8999999999999915
45 1.9500000000000028
46 1.990000000000009
47 2.030000000000001
48 2.0799999999999983
49 2.1200000000000045
50 2.1599999999999966
51 2.200000000000003
52 2.240000000000009
53 2.289999999999992
54 2.3300000000000125
55 2.3799999999999955
56 2.4099999999999966
57 2.460000000000008
58 2.509999999999991
59 2.5600000000000023
60 2.5999999999999943
61 2.6400000000000006
62 2.680000000000007
63 2.730000000000004
64 2.7700000000000102
65 2.8100000000000023
