0 25608192
1 25608192
2 25608192
3 25608192
4 25608192
5 25415680
6 25415680
7 25415680
8 25415680
9 25681920
10 25681920
11 25681920
12 25681920
13 25681920
14 25681920
15 25681920
16 25681920
17 25681920
18 25681920
19 25681920
20 25681920
21 25681920
22 25681920
23 25681920
24 25681920
25 25681920
26 25681920
27 25681920
28 25681920
29 25681920
30 25681920
31 25681920
32 25681920
33 25448448
34 25448448
35 25448448
36 25448448
37 25448448
38 25448448
39 25714688
40 25714688
41 25714688
42 25714688
43 25714688
44 25714688
45 25714688
46 25714688
47 25714688
48 25714688
49 25714688
50 25714688
51 25714688
52 25714688
53 25714688
54 25714688
55 25714688
56 25714688
57 25714688
58 25714688
59 25714688
60 25714688
61 25714688
62 25714688
63 25714688
64 25714688
65 25714688
