0 0.0
1 0.17000000000007276
2 0.44000000000005457
3 0.7400000000001228
4 1.0200000000000955
5 1.2000000000000455
6 1.3899999999999864
7 1.6399999999999864
8 1.8899999999999864
9 2.07000000000005
10 2.2700000000000955
11 2.4400000000000546
12 2.6100000000000136
13 2.82000000000005
14 3.0
15 3.2100000000000364
16 3.400000000000091
17 3.6000000000000227
18 3.7700000000000955
19 3.990000000000009
20 4.180000000000064
21 4.360000000000014
22 4.580000000000041
23 4.780000000000086
24 5.000000000000114
25 5.160000000000082
26 5.330000000000041
27 5.490000000000009
28 5.669999999999959
29 5.860000000000014
30 6.060000000000059
31 6.230000000000132
32 6.410000000000082
33 6.580000000000041
34 6.75
35 6.930000000000064
36 7.139999999999986
37 7.32000000000005
38 7.490000000000123
39 7.730000000000018
40 7.920000000000073
41 8.110000000000014
42 8.379999999999995
43 8.57000000000005
44 8.780000000000086
45 8.990000000000123
46 9.259999999999991
47 9.440000000000055
48 9.639999999999986
49 9.860000000000014
50 10.049999999999955
51 10.230000000000132
52 10.420000000000073
53 10.590000000000032
54 10.790000000000077
55 11.07000000000005
56 11.25
57 11.419999999999959
58 11.600000000000136
59 11.760000000000105
60 11.980000000000018
61 12.180000000000064
62 12.399999999999977
63 12.620000000000005
64 12.840000000000032
65 13.07000000000005
66 13.259999999999991
67 13.460000000000036
68 13.720000000000141
69 13.980000000000132
70 14.260000000000105
71 14.480000000000018
72 14.740000000000009
73 14.930000000000064
74 15.129999999999995
75 15.300000000000068
76 15.470000000000141
77 15.650000000000091
78 15.82000000000005
79 16.0
80 16.200000000000045
81 16.399999999999977
82 16.699999999999932
83 16.970000000000027
84 17.220000000000027
85 17.420000000000073
86 17.629999999999995
87 17.870000000000005
88 18.029999999999973
89 18.250000000000114
90 18.540000000000077
91 18.730000000000018
92 18.970000000000027
93 19.17999999999995
94 19.47000000000014
95 19.690000000000055
96 19.920000000000073
97 20.100000000000023
98 20.279999999999973
99 20.539999999999964
100 20.760000000000105
101 20.940000000000055
