0 25731072
1 25731072
2 25731072
3 25731072
4 25731072
5 25747456
6 25747456
7 25747456
8 25747456
9 25747456
10 25522176
11 25694208
12 25694208
13 25468928
14 25481216
15 25747456
16 25747456
17 25767936
18 25432064
19 25452544
20 25718784
21 25722880
22 25726976
23 25726976
24 25726976
25 25726976
26 25726976
27 25726976
28 25726976
29 25726976
30 25726976
31 25739264
32 25739264
33 25759744
34 25759744
35 25759744
36 25759744
37 25759744
38 25759744
39 25759744
40 25759744
41 25759744
42 25759744
43 25690112
44 25501696
45 25427968
46 25473024
47 25751552
48 25751552
49 25751552
50 25751552
51 25751552
52 25751552
53 25751552
54 25751552
55 25751552
56 25751552
57 25751552
58 25751552
59 25751552
60 25751552
61 25751552
62 25751552
63 25751552
64 25751552
65 25751552
66 25751552
67 25751552
68 25751552
69 25751552
70 25751552
71 25751552
72 25751552
73 25751552
74 25751552
75 25751552
76 25751552
77 25751552
78 25751552
79 25751552
80 25751552
81 25501696
82 25427968
83 25710592
84 25735168
85 25735168
86 25735168
87 25735168
88 25735168
89 25735168
90 25497600
91 25763840
92 25427968
93 25698304
94 25432064
95 25464832
96 25731072
97 25731072
98 25731072
99 25731072
100 25731072
101 25731072
