0 0
1 11.135761589403973
2 14.29225352112676
3 11.882575757575758
4 13.892921960072595
5 14.148409893992932
6 15.892455858747994
7 15.127986348122867
8 12.645390070921986
9 13.145936981757878
10 15.422330097087379
11 11.228618421052632
12 13.506003430531733
13 15.488486842105264
14 15.184294871794872
15 12.244367417677642
16 13.572390572390573
17 13.839797639123104
18 15.220588235294118
19 13.556896551724138
20 15.227197346600331
21 11.614853195164075
22 12.854351687388988
23 13.212280701754386
24 13.111504424778762
25 12.982964224872232
26 13.424496644295303
27 14.73538961038961
28 14.159935379644589
29 11.45578231292517
30 13.252931323283082
31 12.88685524126456
32 14.932454695222406
33 12.20583190394511
34 14.368055555555555
35 13.22780569514238
36 14.163299663299663
37 12.26962457337884
38 14.214046822742475
39 12.834829443447038
40 12.723259762308999
41 13.926621160409557
42 13.179001721170396
43 12.871544715447154
44 14.084552845528455
45 14.336842105263157
46 13.032667876588022
47 13.456666666666667
48 16.32137030995106
49 14.042589437819421
50 16.69721767594108
51 13.522998296422488
52 12.717948717948717
53 13.835218093699515
54 12.692439862542955
55 13.085365853658537
56 13.39261744966443
57 11.646566164154104
58 14.933115823817293
59 12.001706484641637
60 15.382775119617225
61 12.362098138747886
62 13.196891191709845
63 14.073253833049403
64 15.097269624573379
65 14.879518072289157
66 14.833898305084746
67 13.78702163061564
68 15.234676007005254
69 17.157039711191334
70 14.02
71 14.289930555555555
72 14.254025044722718
73 15.94097807757167
74 14.094664371772806
75 14.270903010033445
76 14.382303839732888
77 13.923205342237061
78 13.36694214876033
79 13.547579298831385
80 14.293814432989691
81 15.785365853658536
82 13.780399274047188
83 15.072289156626505
84 14.920473773265652
85 14.080536912751677
86 12.849480968858131
87 13.271453590192644
88 14.808373590982287
89 12.493848857644991
90 12.642086330935252
91 14.465546218487395
92 12.446996466431095
93 12.41551724137931
94 13.003642987249545
95 12.093913043478262
96 13.747330960854093
97 13.870805369127517
98 13.654109589041095
99 14.3616298811545
100 12.558260869565217
101 12.896729776247849
