0 0
1 54.175496688741724
2 71.50704225352112
3 59.239583333333336
4 69.51724137931035
5 69.92226148409894
6 77.1091492776886
7 73.18558020477816
8 63.56382978723404
9 65.17205638474296
10 75.92597087378641
11 55.56578947368421
12 67.29759862778731
13 74.49794407894737
14 73.99719551282051
15 60.88908145580589
16 68.1026936026936
17 69.25716694772343
18 73.02777777777777
19 67.7146551724138
20 75.67205638474296
21 57.63903281519862
22 63.58436944937833
23 65.37587719298246
24 64.51592920353983
25 64.456132879046
26 66.52390939597315
27 72.28490259740259
28 70.21688206785137
29 56.4608843537415
30 66.178810720268
31 63.26497504159734
32 72.85831960461284
33 61.11578044596912
34 70.67491319444444
35 64.7286432160804
36 69.93728956228956
37 61.31783276450512
38 70.07065217391305
39 64.28859964093357
40 62.88497453310696
41 69.25426621160409
42 65.62865748709122
43 63.948780487804875
44 68.65081300813009
45 70.86885964912281
46 64.65834845735027
47 65.71791666666667
48 79.19086460032626
49 70.39267461669506
50 81.3588379705401
51 66.41780238500851
52 62.292735042735046
53 66.79765751211632
54 62.47594501718213
55 65.64808362369338
56 64.63548657718121
57 56.99246231155779
58 73.98939641109298
59 58.775597269624576
60 75.23245614035088
61 61.379441624365484
62 64.60708117443869
63 69.27597955706985
64 74.46501706484642
65 73.26807228915662
66 73.11610169491526
67 67.31198003327788
68 74.78590192644484
69 84.88402527075812
70 69.87545454545455
71 70.16449652777777
72 69.79248658318426
73 78.72596964586846
74 70.92771084337349
75 71.30560200668896
76 72.15025041736227
77 69.66068447412354
78 65.58429752066115
79 65.98497495826378
80 72.44329896907216
81 76.84065040650407
82 68.75090744101634
83 75.01506024096386
84 73.03172588832487
85 70.46015100671141
86 63.69204152249135
87 65.8130472854641
88 71.3586956521739
89 62.16520210896309
90 62.72347122302158
91 70.58109243697479
92 61.72128975265018
93 61.398275862068964
94 64.5846994535519
95 59.63391304347826
96 68.62722419928825
97 68.89429530201342
98 68.8035102739726
99 70.31239388794567
100 62.58521739130435
101 63.73709122203098
