0 25763840
1 25534464
2 25440256
3 25706496
4 25444352
5 25718784
6 25718784
7 25718784
8 25739264
9 25739264
10 25739264
11 25739264
12 25739264
13 25739264
14 25739264
15 25739264
16 25739264
17 25739264
18 25739264
19 25739264
20 25739264
21 25739264
22 25739264
23 25739264
24 25739264
25 25739264
26 25739264
27 25739264
28 25739264
29 25739264
30 25739264
31 25739264
32 25739264
33 25739264
34 25747456
35 25747456
36 25747456
37 25747456
38 25747456
39 25747456
40 25747456
41 25747456
42 25747456
43 25747456
44 25747456
45 25747456
46 25747456
47 25747456
48 25747456
49 25747456
50 25747456
51 25747456
52 25747456
53 25747456
54 25747456
55 25747456
56 25747456
57 25747456
58 25747456
59 25747456
60 25747456
61 25747456
62 25747456
63 25747456
64 25747456
65 25747456
66 25747456
67 25747456
68 25747456
69 25747456
70 25747456
71 25747456
72 25747456
73 25747456
74 25747456
75 25747456
76 25501696
77 25767936
78 25767936
79 25767936
80 25767936
81 25767936
82 25767936
83 25767936
84 25767936
85 25767936
86 25767936
87 25767936
88 25767936
89 25767936
90 25767936
91 25767936
92 25767936
93 25767936
94 25767936
95 25767936
96 25767936
97 25767936
98 25767936
