0 0.0
1 0.15999999999996817
2 0.2999999999999545
3 0.5299999999999727
4 0.7000000000000455
5 0.8700000000000045
6 1.0499999999999545
7 1.2399999999998954
8 1.490000000000009
9 1.6399999999998727
10 1.830000000000041
11 2.009999999999991
12 2.2099999999999227
13 2.3600000000000136
14 2.5799999999999272
15 2.7799999999999727
16 2.9500000000000455
17 3.189999999999941
18 3.3899999999999864
19 3.5399999999999636
20 3.7099999999999227
21 3.8799999999998818
22 4.060000000000059
23 4.230000000000018
24 4.419999999999959
25 4.579999999999927
26 4.719999999999914
27 4.839999999999918
28 4.990000000000009
29 5.2000000000000455
30 5.3799999999999955
31 5.589999999999918
32 5.8799999999999955
33 6.2000000000000455
34 6.389999999999986
35 6.539999999999964
36 6.720000000000027
37 6.889999999999986
38 7.0499999999999545
39 7.2299999999999045
40 7.379999999999882
41 7.539999999999964
42 7.730000000000018
43 7.92999999999995
44 8.079999999999927
45 8.279999999999973
46 8.450000000000045
47 8.649999999999977
48 8.82000000000005
49 9.019999999999982
50 9.199999999999932
51 9.339999999999918
52 9.490000000000009
53 9.620000000000005
54 9.809999999999945
55 10.069999999999936
56 10.42999999999995
57 10.629999999999882
58 10.789999999999964
59 10.919999999999959
60 11.129999999999995
61 11.370000000000005
62 11.639999999999986
63 11.789999999999964
64 11.950000000000045
65 12.090000000000032
66 12.299999999999955
67 12.480000000000018
68 12.649999999999977
69 12.829999999999927
70 13.009999999999991
71 13.190000000000055
72 13.360000000000014
73 13.57000000000005
74 13.759999999999991
75 13.909999999999968
76 14.029999999999973
77 14.18999999999994
78 14.349999999999909
79 14.559999999999945
80 14.75
81 14.92999999999995
82 15.110000000000014
83 15.269999999999982
84 15.42999999999995
85 15.599999999999909
86 15.740000000000009
87 15.86999999999989
88 16.029999999999973
89 16.159999999999968
90 16.289999999999964
91 16.43999999999994
92 16.569999999999936
93 16.75
94 16.8599999999999
95 17.00999999999999
96 17.149999999999977
97 17.279999999999973
98 17.409999999999968
