0 0
1 57.91107644305772
2 67.61529318541997
3 61.633591065292094
4 55.64464882943144
5 66.79355108877722
6 56.27
7 56.23534338358459
8 62.86304347826087
9 59.71915584415584
10 63.75515463917526
11 62.29572147651007
12 72.47764227642277
13 61.169224555735056
14 57.79763912310287
15 57.09519725557461
16 59.49442538593482
17 68.07184873949579
18 60.13054187192118
19 58.02791666666667
20 57.34563758389262
21 65.16908212560386
22 60.820778145695364
23 61.11936560934892
24 57.44021739130435
25 57.255751533742334
26 56.206053067993366
27 66.4205298013245
28 61.148133116883116
29 57.20869947275923
30 60.01823338735819
31 63.38510101010101
32 58.11798245614035
33 66.93953068592057
34 54.10308848080133
35 61.296826625387
36 53.3669686985173
37 54.748366013071895
38 58.571370309951064
39 64.53702163061564
40 57.192955589586525
41 58.43257956448911
42 63.172330097087375
43 59.84789915966387
44 64.65406504065041
45 52.71202003338898
46 61.21602348993289
47 58.78619528619529
48 66.44612794612794
49 61.17546848381601
50 61.111666666666665
51 49.77460317460317
52 58.30592105263158
53 69.24775112443778
54 55.671635434412266
55 59.90619694397284
56 59.86406844106464
57 57.46948160535117
58 57.469439728353144
59 61.13592233009709
60 62.91809605488851
61 56.33783783783784
62 62.25132042253521
63 63.455882352941174
64 57.47906403940887
65 62.189907550077045
66 65.88988580750407
67 68.57390202702703
68 56.92192691029901
69 57.455
70 63.983695652173914
71 58.287853577371045
72 57.6233498349835
73 68.15937019969277
74 60.529118136439266
75 54.75928917609047
76 61.6388
77 64.12479871175523
78 67.63943028485757
79 59.5
80 64.03197674418605
81 61.64613526570049
82 59.39798387096774
83 58.228849407783414
84 53.871845425867505
85 66.526953125
86 68.09394654088051
87 59.359172077922075
88 63.280290791599356
89 63.2603527607362
90 57.48228995057661
91 57.5016501650165
92 55.79288025889968
93 56.836828859060404
94 60.36363636363637
95 57.601181102362204
96 57.27962662337662
97 50.77460317460317
98 55.49679487179487
