0 0
1 12.461778471138846
2 13.995245641838352
3 12.34192439862543
4 11.319397993311037
5 13.499162479061976
6 11.5
7 11.371859296482413
8 12.603478260869565
9 12.280844155844155
10 12.907216494845361
11 12.427852348993289
12 14.977235772357723
13 12.378029079159935
14 11.583473861720067
15 11.478559176672384
16 11.929674099485421
17 13.964705882352941
18 12.41543513957307
19 11.716666666666667
20 11.60738255033557
21 13.389694041867955
22 12.531456953642385
23 12.412353923205343
24 11.558528428093645
25 11.865030674846626
26 11.653399668325042
27 13.375827814569536
28 12.35064935064935
29 11.523725834797892
30 12.427876823338735
31 12.83838383838384
32 11.698245614035088
33 13.489169675090253
34 10.989983305509181
35 12.507739938080496
36 10.922570016474465
37 11.161764705882353
38 11.99184339314845
39 13.164725457570716
40 11.888208269525268
41 11.814070351758794
42 12.770226537216828
43 12.127731092436974
44 13.139837398373984
45 10.612687813021703
46 12.520134228187919
47 11.781144781144782
48 13.324915824915825
49 12.37137989778535
50 12.228333333333333
51 10.263492063492064
52 11.761513157894736
53 14.466266866566716
54 11.180579216354344
55 12.286926994906622
56 12.015209125475286
57 11.740802675585284
58 11.558573853989813
59 12.407766990291263
60 12.610634648370498
61 11.533783783783784
62 12.484154929577464
63 12.864864864864865
64 11.614121510673234
65 12.855161787365176
66 13.600326264274061
67 13.945945945945946
68 11.67109634551495
69 11.633333333333333
70 13.20496894409938
71 11.83361064891847
72 11.613861386138614
73 14.167434715821813
74 12.169717138103161
75 11.084006462035541
76 12.4128
77 12.958132045088567
78 14.2023988005997
79 11.963149078726968
80 12.76079734219269
81 12.55072463768116
82 11.980645161290322
83 11.776649746192893
84 10.886435331230285
85 13.4953125
86 13.834905660377359
87 11.939935064935066
88 12.770597738287561
89 13.13036809815951
90 11.657331136738057
91 11.684818481848184
92 11.313915857605178
93 11.474832214765101
94 12.532695374800637
95 11.573228346456693
96 11.488636363636363
97 10.320634920634921
98 11.217948717948717
