0 NaN
1 3.9650273224043717
2 3.8831877729257642
3 3.9134720700985763
4 3.915032679738562
5 3.92896174863388
6 3.8998911860718173
7 3.9148471615720526
8 3.896401308615049
9 3.924754634678299
10 3.9269356597600873
11 3.8998911860718173
12 3.923580786026201
13 3.9326818675352877
14 3.9354485776805253
15 3.9009793253536453
16 3.8905742145178763
17 3.906113537117904
18 3.901639344262295
19 3.9201312910284463
20 3.9290393013100435
21 3.917211328976035
22 3.9169398907103825
23 3.9224043715846992
24 3.9256017505470457
25 3.921311475409836
26 3.919125683060109
27 3.9193899782135078
28 3.930054644808743
29 3.9269356597600873
30 3.912758996728462
31 3.8969631236442517
32 3.913566739606127
33 3.90185387131952
34 3.928884026258206
35 3.9302832244008714
36 3.9095860566448803
37 3.92568306010929
38 3.9377049180327868
39 3.912663755458515
40 3.9345692475463467
41 3.9123376623376624
42 3.898471615720524
43 3.9288061336254105
44 3.9203056768558953
45 3.92896174863388
46 3.8911860718171924
47 3.920392584514722
48 3.9452954048140043
49 3.9323882224645583
50 3.934640522875817
51 3.942982456140351
52 3.939824945295405
53 3.936750272628135
54 3.9518599562363237
55 3.9248366013071894
56 3.9269356597600873
57 3.9387978142076503
58 3.944140197152245
59 3.9366812227074237
60 3.934640522875817
61 3.9028384279475983
62 3.9214830970556163
63 3.9324618736383443
64 3.9411764705882355
65 5.003184713375796
66 7.491847826086956
67 8.453125
