0 27185152
1 27185152
2 27185152
3 27185152
4 27185152
5 27185152
6 27185152
7 27185152
8 27185152
9 27185152
10 27185152
11 27185152
12 27185152
13 27185152
14 27185152
15 27185152
16 27185152
17 27185152
18 27185152
19 27185152
20 27185152
21 27185152
22 27185152
23 27185152
24 27185152
25 27185152
26 27185152
27 27185152
28 27185152
29 27185152
30 27185152
31 27185152
32 27185152
33 27185152
34 27185152
35 27185152
36 27185152
37 27185152
38 27185152
39 27185152
40 27185152
41 27185152
42 27185152
43 27185152
44 27185152
45 27185152
46 27185152
47 27185152
48 27185152
49 27185152
50 27185152
51 27185152
52 27185152
53 27185152
54 27185152
55 27185152
56 27185152
57 27185152
58 27185152
59 27185152
60 27185152
61 27185152
62 27185152
63 27185152
64 27185152
65 27185152
66 27185152
67 27185152
