0 0.0
1 0.06999999999993634
2 0.14999999999986358
3 0.2199999999997999
4 0.2799999999999727
5 0.35999999999989996
6 0.4299999999998363
7 0.4899999999997817
8 0.5699999999999363
9 0.6199999999998909
10 0.6899999999998272
11 0.7499999999997726
12 0.8099999999997181
13 0.8799999999998818
14 0.9299999999998363
15 1.0099999999997635
16 1.059999999999718
17 1.1299999999998818
18 1.199999999999818
19 1.2599999999997635
20 1.3299999999996999
21 1.3799999999996544
22 1.449999999999818
23 1.5099999999997635
24 1.599999999999909
25 1.6599999999998545
26 1.7399999999997817
27 1.8099999999999454
28 1.8699999999998909
29 1.9299999999998363
30 2.0
31 2.0599999999999454
32 2.119999999999891
33 2.189999999999827
34 2.240000000000009
35 2.2999999999999545
36 2.369999999999891
37 2.4199999999998454
38 2.479999999999791
39 2.5499999999999545
40 2.619999999999891
41 2.6699999999998454
42 2.7399999999997817
43 2.7999999999999545
44 2.869999999999891
45 2.949999999999818
46 3.0099999999997635
47 3.0799999999997
48 3.1499999999998636
49 3.229999999999791
50 3.309999999999718
51 3.369999999999891
52 3.449999999999818
53 3.5299999999997453
54 3.5999999999996817
55 3.6699999999998454
56 3.7399999999997817
57 3.8099999999999454
58 3.869999999999891
59 3.9299999999998363
60 4.0
61 4.059999999999945
62 4.129999999999882
63 4.199999999999818
64 4.269999999999982
65 4.319999999999936
66 4.3599999999999
67 4.429999999999836
