0 NaN
1 19.58087431693989
2 19.145742358078603
3 19.299288061336256
4 19.28921568627451
5 19.368032786885244
6 19.213819368879218
7 19.302947598253276
8 19.195747001090513
9 19.35114503816794
10 19.360414394765538
11 19.20348204570185
12 19.333242358078603
13 19.373235613463628
14 19.405361050328228
15 19.222252448313384
16 19.176868905742147
17 19.26118995633188
18 19.237158469945356
19 19.323577680525165
20 19.365447598253276
21 19.311002178649236
22 19.310382513661203
23 19.342896174863387
24 19.35448577680525
25 19.33360655737705
26 19.32377049180328
27 19.325435729847495
28 19.378142076502733
29 19.360414394765538
30 19.291712104689203
31 19.210412147505423
32 19.295131291028447
33 19.232006543075244
34 19.37417943107221
35 19.37173202614379
36 19.257080610021788
37 19.356284153005465
38 19.408196721311477
39 19.26937772925764
40 19.391494002181027
41 19.276515151515152
42 19.197052401746724
43 19.36527929901424
44 19.323417030567686
45 19.34808743169399
46 19.174918389553863
47 19.314067611777535
48 19.446389496717725
49 19.380588876772084
50 19.390250544662308
51 19.440241228070175
52 19.417669584245075
53 19.39721919302072
54 19.47128008752735
55 19.336873638344226
56 19.350599781897493
57 19.416666666666668
58 19.43318729463308
59 19.396834061135372
60 19.377450980392158
61 19.230349344978166
62 19.311886586695746
63 19.37037037037037
64 19.404411764705884
65 25.143312101910826
66 38.45176630434783
67 43.525
