0 NaN
1 7.799345692475463
2 9.767567567567568
3 14.916846652267818
4 16.762057877813504
5 12.476138828633406
6 13.545945945945945
7 10.930810810810812
8 12.314935064935066
9 13.117456896551724
10 13.57588805166846
11 15.182505399568035
12 23.34685165421558
13 29.91808510638298
14 8.969598262757872
15 4.033586132177682
16 4.061822125813449
17 4.121871599564744
18 4.122844827586207
19 4.193478260869565
20 4.236756756756757
21 4.311015118790497
22 4.3928182807399345
23 4.455037919826652
24 4.519042437431991
25 4.538713195201745
26 4.539717083786725
27 4.554112554112554
28 4.592632719393283
29 4.649294245385451
30 4.698585418933623
31 4.682900432900433
32 4.724700761697497
33 4.7841648590021695
34 4.89685124864278
35 4.988108108108108
36 5.03373231773667
37 5.084507042253521
38 5.175
39 5.32034632034632
40 5.387027027027027
41 5.460369163952226
42 5.455135135135135
43 5.613882863340564
44 5.906521739130435
45 5.7556756756756755
46 4.877837837837838
47 5.014161220043573
48 5.001083423618635
49 5.0630434782608695
50 5.037919826652221
51 5.120521172638436
52 5.165405405405405
53 5.236126224156692
54 5.110629067245119
55 5.093478260869565
56 5.1386782231852655
57 5.1570964247020585
58 5.2076502732240435
59 5.218478260869565
60 5.311688311688312
61 5.363834422657952
62 5.42578548212351
63 5.6326086956521735
64 5.787878787878788
65 7.387719298245614
66 9.825581395348838
