0 0.0
1 0.11000000000012733
2 0.22000000000002728
3 0.3200000000001637
4 0.40000000000009095
5 0.5199999999999818
6 0.6100000000001273
7 0.7300000000000182
8 0.8199999999999363
9 0.9100000000000819
10 0.9800000000000182
11 1.0599999999999454
12 1.099999999999909
13 1.1499999999998636
14 1.3099999999999454
15 1.5199999999999818
16 1.6899999999998272
17 1.8500000000001364
18 2.040000000000191
19 2.2100000000000364
20 2.400000000000091
21 2.6100000000001273
22 2.8299999999999272
23 3.019999999999982
24 3.230000000000018
25 3.4400000000000546
26 3.6499999999998636
27 3.8599999999999
28 4.069999999999936
29 4.180000000000064
30 4.310000000000173
31 4.509999999999991
32 4.7000000000000455
33 4.850000000000136
34 5.019999999999982
35 5.190000000000055
36 5.389999999999873
37 5.559999999999945
38 5.730000000000018
39 5.869999999999891
40 6.039999999999964
41 6.189999999999827
42 6.339999999999918
43 6.490000000000009
44 6.600000000000136
45 6.740000000000009
46 6.870000000000118
47 7.079999999999927
48 7.190000000000055
49 7.349999999999909
50 7.5499999999999545
51 7.690000000000055
52 7.879999999999882
53 8.089999999999918
54 8.259999999999991
55 8.339999999999918
56 8.480000000000018
57 8.629999999999882
58 8.790000000000191
59 8.940000000000055
60 9.080000000000155
61 9.25
62 9.430000000000064
63 9.620000000000118
64 9.789999999999964
65 9.940000000000055
66 10.079999999999927
