0 NaN
1 35.83015267175573
2 44.13621621621622
3 66.0232181425486
4 73.83601286173634
5 55.64452277657267
6 60.19756756756757
7 49.07675675675676
8 54.98106060606061
9 58.347521551724135
10 60.32319698600646
11 67.1657667386609
12 101.82897545357524
13 129.75744680851065
14 40.77850162866449
15 19.796316359696643
16 19.91675704989154
17 20.18144722524483
18 20.145474137931036
19 20.46711956521739
20 20.647567567567567
21 20.96112311015119
22 21.331338411316647
23 21.58206933911159
24 21.860446137105548
25 21.95556161395856
26 21.94260065288357
27 22.004058441558442
28 22.160075839653306
29 22.407166123778502
30 22.616158868335148
31 22.54680735930736
32 22.704298150163222
33 22.964208242950107
34 23.449782844733985
35 23.82864864864865
36 24.03835690968444
37 24.25677139761647
38 24.633695652173913
39 25.258928571428573
40 25.53810810810811
41 25.86400651465798
42 25.82945945945946
43 26.503796095444685
44 27.75108695652174
45 27.09864864864865
46 23.373783783783782
47 23.973039215686274
48 23.887865655471288
49 24.164945652173913
50 24.057692307692307
51 24.413409337676438
52 24.584324324324324
53 24.904787812840045
54 24.36117136659436
55 24.29157608695652
56 24.489707475622968
57 24.570422535211268
58 24.78360655737705
59 24.836684782608696
60 25.213203463203463
61 25.454248366013072
62 25.673347778981583
63 26.58423913043478
64 27.243777056277057
65 35.66140350877193
66 48.8655523255814
