0 26820608
1 26820608
2 26820608
3 26820608
4 26820608
5 26820608
6 26820608
7 26820608
8 26820608
9 26820608
10 26820608
11 26820608
12 26820608
13 26820608
14 26820608
15 26820608
16 26820608
17 26820608
18 26820608
19 26820608
20 26820608
21 26820608
22 26820608
23 26820608
24 26820608
25 26820608
26 26820608
27 26820608
28 27086848
29 27086848
30 27086848
31 27086848
32 27086848
33 27086848
34 27086848
35 27086848
36 27086848
37 27086848
38 27086848
39 27086848
40 27086848
41 27086848
42 27086848
43 27086848
44 27086848
45 27086848
46 27086848
47 27086848
48 27086848
49 27086848
50 27086848
51 27086848
52 27086848
53 27086848
54 27086848
55 27086848
56 27086848
57 27086848
58 27086848
59 27086848
60 27086848
61 27086848
62 27086848
63 27086848
64 27086848
65 27086848
66 27086848
