97.31666666666666 100.0 97.23333333333333 97.58333333333333 100.0 98.6 97.56666666666666 97.36666666666667 97.23333333333333 97.55
100.0 100.0 100.0 100.0 100.0 100.0 100.0 100.0 100.0 100.0
100.0 100.0 100.0 100.0 100.0 100.0 100.0 100.0 100.0 100.0
100.0 100.0 100.0 100.0 100.0 100.0 100.0 100.0 99.96666666666667 100.0
100.0 100.0 100.0 100.0 100.0 99.83333333333333 100.0 100.0 100.0 100.0
100.0 100.0 100.0 100.0 100.0 100.0 100.0 100.0 100.0 100.0
100.0 100.0 100.0 100.0 100.0 100.0 100.0 100.0 100.0 100.0
100.0 100.0 100.0 100.0 100.0 100.0 100.0 100.0 100.0 100.0
100.0 100.0 99.98333333333333 100.0 100.0 100.0 100.0 100.0 100.0 100.0
100.0 100.0 100.0 100.0 100.0 100.0 100.0 100.0 100.0 100.0
100.0 100.0 100.0 100.0 100.0 100.0 100.0 100.0 100.0 100.0
100.0 100.0 100.0 100.0 100.0 100.0 100.0 100.0 100.0 100.0
100.0 100.0 99.98333333333333 100.0 100.0 100.0 100.0 100.0 100.0 100.0
100.0 100.0 100.0 100.0 100.0 100.0 100.0 100.0 99.95 100.0
99.68333333333334 100.0 99.63333333333333 99.71666666666667 99.98333333333333 99.75 99.66666666666667 99.6 99.7 99.75
