0 24797184
1 24797184
2 24797184
3 24797184
4 24797184
5 24797184
6 24797184
7 24797184
8 24797184
9 24797184
10 24797184
11 24797184
12 24797184
13 24797184
14 24797184
15 24797184
16 24797184
17 24797184
18 24797184
19 24797184
20 24797184
21 24797184
22 24797184
23 24797184
24 24797184
25 24797184
26 24797184
27 24797184
28 24797184
29 24797184
30 24797184
31 24797184
32 24797184
33 24797184
34 24797184
35 24797184
36 24797184
37 24797184
38 24797184
39 24797184
40 24797184
41 24797184
42 24797184
43 24797184
44 24797184
45 24797184
46 24797184
47 24797184
48 24797184
49 24797184
50 25067520
51 25067520
52 24715264
53 24981504
54 24981504
55 24981504
56 24981504
57 24981504
58 24981504
59 24981504
60 24981504
61 24981504
62 24981504
63 24981504
64 24981504
65 24981504
66 24981504
67 24981504
68 24981504
69 24981504
70 24981504
71 24981504
72 24981504
73 24981504
74 24981504
75 24981504
76 24981504
77 24981504
78 24981504
79 24981504
80 24981504
81 24981504
82 24981504
83 24981504
84 24723456
85 24989696
86 24743936
87 25010176
88 25010176
89 25010176
90 25010176
91 25010176
92 25010176
93 25010176
94 25010176
95 25010176
96 25010176
