0 0.0
1 0.15000000000000568
2 0.29999999999998295
3 0.45000000000001705
4 0.6099999999999852
5 0.75
6 0.9000000000000057
7 1.0700000000000216
8 1.2199999999999989
9 1.3799999999999955
10 1.539999999999992
11 1.6899999999999977
12 1.839999999999975
13 1.9899999999999807
14 2.1399999999999864
15 2.3000000000000114
16 2.4499999999999886
17 2.6100000000000136
18 2.759999999999991
19 2.9000000000000057
20 3.069999999999993
21 3.219999999999999
22 3.3700000000000045
23 3.530000000000001
24 3.6899999999999977
25 3.8400000000000034
26 3.9899999999999807
27 4.140000000000015
28 4.289999999999992
29 4.449999999999989
30 4.599999999999994
31 4.759999999999991
32 4.920000000000016
33 5.069999999999993
34 5.230000000000018
35 5.3799999999999955
36 5.529999999999973
37 5.689999999999998
38 5.849999999999994
39 6.0
40 6.149999999999977
41 6.310000000000002
42 6.469999999999999
43 6.6200000000000045
44 6.77000000000001
45 6.930000000000007
46 7.079999999999984
47 7.240000000000009
48 7.389999999999986
49 7.550000000000011
50 7.710000000000008
51 7.849999999999994
52 8.0
53 8.169999999999987
54 8.319999999999993
55 8.47999999999999
56 8.640000000000015
57 8.799999999999983
58 8.950000000000017
59 9.099999999999994
60 9.25
61 9.409999999999997
62 9.570000000000022
63 9.719999999999999
64 9.870000000000005
65 10.030000000000001
66 10.189999999999998
67 10.339999999999975
68 10.490000000000009
69 10.639999999999986
70 10.79000000000002
71 10.949999999999989
72 11.100000000000023
73 11.25
74 11.409999999999997
75 11.560000000000002
76 11.719999999999999
77 11.870000000000005
78 12.030000000000001
79 12.180000000000007
80 12.330000000000013
81 12.490000000000009
82 12.639999999999986
83 12.800000000000011
84 12.949999999999989
85 13.099999999999994
86 13.25
87 13.410000000000025
88 13.560000000000002
89 13.719999999999999
90 13.879999999999995
91 14.030000000000001
92 14.189999999999998
93 14.340000000000003
94 14.48999999999998
95 14.639999999999986
96 14.800000000000011
