0 0
1 4.539159109645507
2 4.89913317572892
3 4.178513731825525
4 4.794831636648395
5 4.128184713375796
6 4.7277734067663255
7 4.978740157480315
8 4.386867088607595
9 4.384141647421093
10 4.8549262994569435
11 4.703791469194313
12 4.676056338028169
13 4.9116719242902205
14 4.672400312744331
15 4.67421875
16 4.604559748427673
17 4.853796445880453
18 5.044550517104216
19 4.257551669316375
20 4.180354267310789
21 4.346511627906977
22 4.88198269079465
23 4.637833468067906
24 4.218600953895072
25 5.038277511961723
26 4.8128
27 4.166666666666667
28 4.613949716139497
29 5.029215358931553
30 4.613672496025437
31 4.306349206349206
32 5.097601323407775
33 4.5124698310539015
34 4.467511885895404
35 5.228395061728395
36 4.335907335907336
37 4.3964858670741025
38 4.8476411446249035
39 4.708978328173375
40 4.747596153846154
41 4.538520801232665
42 4.420221169036335
43 4.5465587044534415
44 4.645833333333333
45 4.671022290545734
46 4.999211977935382
47 4.715497301464919
48 5.0824
49 4.674757281553398
50 4.997725549658832
51 4.859362224039248
52 4.743769470404985
53 4.618421052631579
54 4.3978159126365055
55 4.4666142969363705
56 4.663702506063056
57 4.801809210526316
58 4.404189294026377
59 4.544212218649518
60 4.48172757475083
61 4.610047846889952
62 4.401913875598086
63 5.147081712062257
64 4.409629044988161
65 4.82516339869281
66 4.623824451410658
67 4.7955246913580245
68 4.710756972111554
69 4.853639240506329
70 4.377551020408164
71 4.391752577319588
72 4.305331179321486
73 4.758293838862559
74 4.486464315012305
75 5.306170886075949
76 4.9774143302180685
77 4.042332268370607
78 3.033840947546531
79 3.0494880546075085
80 3.0716753022452505
81 3.0885416666666665
82 3.0519591141396933
83 3.0349233390119252
84 3.070689655172414
85 3.056701030927835
86 3.044368600682594
87 3.046808510638298
88 3.065348237317283
89 3.0590753424657535
90 3.066151202749141
91 3.0768566493955096
92 3.052136752136752
93 3.0716753022452505
94 3.0469283276450514
95 3.075862068965517
96 3.06551724137931
