0 0
1 29.009121061359867
2 30.353172522286314
3 26.597796883396022
4 30.102872062663184
5 26.32127659574468
6 29.455427372836915
7 31.12283464566929
8 27.60996835443038
9 27.459272540983605
10 30.552864583333335
11 29.302894736842106
12 29.129107981220656
13 30.708727655099896
14 29.120635747785304
15 29.115104166666665
16 29.054769392033542
17 30.28352180936995
18 31.226089266737514
19 27.18229994700583
20 26.68196457326892
21 27.347286821705428
22 30.434748427672957
23 29.272653721682847
24 26.724748810153358
25 31.554809242342827
26 30.14342735497605
27 26.517048481619607
28 29.02779276848354
29 31.56020066889632
30 28.9442082890542
31 27.199261992619927
32 31.974861878453037
33 28.381501340482572
34 28.09098101265823
35 32.36424523441525
36 27.26956745623069
37 27.53914590747331
38 30.344783057851238
39 29.253353973168213
40 29.659455128205128
41 28.600359342915812
42 27.833245521601686
43 28.59498111171074
44 29.405715811965813
45 29.056125064069708
46 31.049630411826822
47 29.534871794871794
48 31.481303418803417
49 29.489668297988036
50 30.96720484359233
51 30.605494505494505
52 29.467030114226375
53 29.242872807017545
54 27.7297507788162
55 28.051678908709338
56 29.272189349112427
57 30.480897009966778
58 27.658549222797927
59 28.642015005359056
60 28.745530726256984
61 28.82288900690388
62 27.814558979808716
63 31.893915756630264
64 27.74736842105263
65 30.389956092206365
66 29.09330893883952
67 29.63403382880574
68 29.518360830228843
69 30.321202531645568
70 27.563317634746205
71 27.71115221987315
72 27.52154011847065
73 29.597682991047918
74 28.349644614543465
75 32.77994722955145
76 30.762857142857143
77 25.125398512221043
78 19.671178793006206
79 19.77758816837315
80 19.932642487046632
81 20.05497685185185
82 19.797842135150482
83 19.668370244179442
84 19.92816091954023
85 19.828178694158076
86 19.74118316268487
87 19.762485811577754
88 19.88510028653295
89 19.84931506849315
90 19.896907216494846
91 19.974093264248705
92 19.801709401709402
93 19.94012665515256
94 19.762798634812288
95 19.963793103448275
96 19.891379310344828
