0 0
1 30.745797101449277
2 28.98347778981582
3 27.527437400106553
4 31.733485193621867
5 29.86588683351469
6 30.092893116955793
7 30.45240730492529
8 28.842794759825328
9 28.909615384615385
10 30.44798007747648
11 31.179083885209714
12 29.635223555070883
13 31.692717086834733
14 29.040665938864628
15 29.579558011049723
16 29.76449671772429
17 30.76227247655819
18 31.281388888888888
19 31.07788944723618
20 30.83687744823727
21 30.372093023255815
22 31.42732884399551
23 30.232903587443946
24 29.59160724081185
25 30.891944444444444
26 29.70500825536599
27 28.83271375464684
28 31.776123595505616
29 31.368275097060454
30 30.989988876529477
31 30.809938236945538
32 28.949235807860262
33 29.952301719356626
34 36.07485549132948
35 31.23095890410959
36 29.003291278113
37 31.92097782831154
38 30.44784270890224
39 29.378895571350466
40 30.500279642058164
41 31.2267743796884
42 34.057455156950674
43 29.703263274336283
44 28.36796536796537
45 31.030922142462728
46 31.381858902575587
47 30.866740699611327
48 30.536091060521933
49 32.277050113895214
50 30.241657077100115
51 28.914007571660356
52 30.315964523281597
53 31.58241439349971
54 29.82647385984427
55 30.95428407130535
56 29.559261300992283
57 28.607646420824295
58 29.511069114470843
59 30.726918798665185
60 30.374110563765736
61 32.39677239844185
62 32.43615786419036
63 32.23998887652948
64 29.886498117267347
65 29.89332247557003
66 29.829769736842106
67 31.941752857920523
68 30.672276098117514
69 29.636289445048966
70 28.868006518196633
71 30.640123804164322
72 30.81935307017544
73 29.563218390804597
74 29.81991174848318
75 28.83223864258347
76 29.970038482682792
77 24.495535714285715
78 23.657098923628908
79 23.974789915966387
80 23.680981595092025
81 23.948583420776494
82 23.59079283887468
83 23.4558599695586
84 23.53368794326241
85 23.752702007205354
86 23.863352420614262
87 23.753481175863847
88 23.60189452124936
89 23.56221315655278
90 23.614169215086648
91 23.608651399491094
