0 0
1 4.757627118644068
2 4.542264752791069
3 4.323599052880821
4 4.909242298084929
5 4.673843700159489
6 4.690983606557377
7 4.707928802588997
8 4.511646586345382
9 4.519805982215036
10 4.713128038897893
11 4.89685737308622
12 4.6368
13 4.89160554197229
14 4.547791164658634
15 4.6124595469255665
16 4.611556982343499
17 4.835218093699515
18 4.905109489051095
19 4.822422258592471
20 4.819296811120196
21 4.762794476035744
22 4.872637633525062
23 4.718159408381266
24 4.616064257028112
25 4.789902280130293
26 4.649676375404531
27 4.536050156739812
28 4.924466338259442
29 4.927007299270073
30 4.873572593800978
31 4.7680921052631575
32 4.537842190016103
33 4.684039087947883
34 5.602660016625104
35 4.914194065757819
36 4.536723163841808
37 4.926385442514475
38 4.803700724054706
39 4.595180722891566
40 4.724222585924713
41 4.845117845117845
42 5.409983633387888
43 4.610569105691057
44 4.436102236421725
45 4.8834008097165995
46 4.887796887796887
47 4.817073170731708
48 4.806214227309893
49 5.030705394190871
50 4.6835443037974684
51 4.558493589743589
52 4.724614134849715
53 4.877222692633362
54 4.676229508196721
55 4.8207945900253595
56 4.585286984640259
57 4.482813749000799
58 4.624203821656051
59 4.778955954323002
60 4.779742765273312
61 5.086921202274573
62 5.007582139848357
63 5.084552845528456
64 4.699206349206349
65 4.651273885350318
66 4.666934189406099
67 5.04708699122107
68 4.733777038269551
69 4.657325860688551
70 4.5112
71 4.730548730548731
72 4.858984689766317
73 4.625806451612903
74 4.6417546709991875
75 4.509677419354839
76 4.684168012924071
77 3.9117876658860267
78 3.8446153846153845
79 3.8866141732283466
80 3.8458588957055215
81 3.8866141732283466
82 3.831288343558282
83 3.815068493150685
84 3.825227963525836
85 3.857142857142857
86 3.871194379391101
87 3.858359133126935
88 3.8326937835763624
89 3.8301453710788063
90 3.8371559633027523
91 3.83587786259542
