0 25890816
1 25890816
2 25890816
3 25890816
4 25890816
5 25890816
6 25890816
7 25890816
8 25890816
9 25890816
10 25890816
11 25890816
12 25890816
13 25890816
14 25890816
15 25890816
16 25890816
17 25890816
18 25890816
19 25890816
20 25890816
21 25890816
22 25890816
23 25890816
24 25890816
25 25890816
26 25890816
27 25890816
28 25632768
29 25899008
30 25899008
31 25899008
32 25899008
33 25899008
34 25899008
35 25899008
36 25899008
37 25899008
38 25899008
39 25899008
40 25899008
41 25899008
42 25899008
43 25899008
44 25899008
45 25899008
46 25899008
47 25899008
48 25899008
49 25899008
50 25899008
51 25899008
52 25899008
53 25899008
54 25899008
55 25899008
56 25899008
57 25899008
58 25899008
59 25899008
60 25899008
61 25899008
62 25899008
63 25899008
64 25899008
65 25899008
66 25899008
67 25899008
68 25899008
69 25899008
70 25899008
71 25899008
72 25899008
73 25899008
74 25899008
75 25899008
76 25899008
77 25899008
78 25899008
79 25899008
80 25665536
81 25931776
82 25931776
83 25931776
84 25931776
85 25931776
86 25931776
87 25931776
88 25931776
89 25931776
90 25931776
91 25931776
