0 0.0
1 0.13999999999998636
2 0.26999999999992497
3 0.40999999999996817
4 0.5500000000000114
5 0.67999999999995
6 0.7999999999999545
7 0.9300000000000068
8 1.0600000000000023
9 1.1800000000000068
10 1.3199999999999932
11 1.4399999999999409
12 1.5699999999999932
13 1.6999999999999886
14 1.839999999999975
15 1.9699999999999704
16 2.099999999999966
17 2.2299999999999613
18 2.349999999999966
19 2.4799999999999613
20 2.609999999999957
21 2.730000000000018
22 2.859999999999957
23 2.9899999999999523
24 3.1199999999999477
25 3.240000000000009
26 3.3600000000000136
27 3.4899999999999523
28 3.609999999999957
29 3.7399999999999523
30 3.849999999999966
31 3.980000000000018
32 4.119999999999948
33 4.249999999999943
34 4.359999999999957
35 4.490000000000009
36 4.6299999999999955
37 4.759999999999991
38 4.8899999999999295
39 5.009999999999991
40 5.139999999999986
41 5.25
42 5.369999999999948
43 5.519999999999982
44 5.649999999999977
45 5.779999999999973
46 5.909999999999968
47 6.029999999999973
48 6.14999999999992
49 6.300000000000011
50 6.42999999999995
51 6.569999999999936
52 6.699999999999989
53 6.829999999999984
54 6.939999999999998
55 7.069999999999993
56 7.199999999999989
57 7.329999999999984
58 7.4599999999999795
59 7.589999999999975
60 7.7099999999999795
61 7.849999999999966
62 7.989999999999952
63 8.109999999999957
64 8.229999999999961
65 8.359999999999957
66 8.489999999999952
67 8.609999999999957
68 8.739999999999952
69 8.870000000000005
70 8.990000000000009
71 9.119999999999948
72 9.239999999999952
73 9.379999999999939
74 9.529999999999973
75 9.669999999999959
76 9.789999999999964
77 9.930000000000007
78 10.069999999999993
79 10.199999999999989
80 10.329999999999984
81 10.46999999999997
82 10.599999999999966
83 10.75
84 10.879999999999995
85 11.019999999999982
86 11.13999999999993
87 11.279999999999973
88 11.409999999999968
89 11.559999999999945
90 11.71999999999997
91 11.849999999999966
